%YAML:1.0
---
Camera Count: 169
Point Count: 0
Rotations:
   - !!opencv-matrix
      rows: 3
      cols: 3
      dt: d
      data: [ 9.9974566146525723e-01, -6.0548371902450215e-03,
          -2.1724440798197964e-02, 5.7474652843039209e-03,
          9.9988289321416068e-01, -1.4183317682626824e-02,
          2.1807774398146712e-02, 1.4054849849080786e-02,
          9.9966338443073866e-01 ]
   - !!opencv-matrix
      rows: 3
      cols: 3
      dt: d
      data: [ 9.9999729261892112e-01, -2.2172155318659899e-03,
          -7.0619410440472818e-04, 2.2165030601102361e-03,
          9.9999703544083263e-01, -1.0080792283648984e-03,
          7.0842713977301019e-04, 1.0065112177168184e-03,
          9.9999924253279138e-01 ]
   - !!opencv-matrix
      rows: 3
      cols: 3
      dt: d
      data: [ 9.9953947678936284e-01, 1.1280264414116892e-03,
          -3.0324278985563266e-02, 1.4273339886250458e-04,
          9.9912301913570900e-01, 4.1870899922530916e-02,
          3.0344916655407644e-02, -4.1855945688674137e-02,
          9.9866273878806699e-01 ]
   - !!opencv-matrix
      rows: 3
      cols: 3
      dt: d
      data: [ -9.6729455690003807e-01, -2.4874073657230400e-01,
          -4.9691912430763721e-02, -2.4875154424607482e-01,
          8.9187600744423501e-01, 3.7772987250219403e-01,
          -4.9637782250540163e-02, 3.7773698960361113e-01,
          -9.2458144976981294e-01 ]
   - !!opencv-matrix
      rows: 3
      cols: 3
      dt: d
      data: [ 9.9999999882898061e-01, 4.8383015973051807e-05,
          -1.0596279484228381e-06, -4.8384795975593003e-05,
          9.9999846804481485e-01, -1.7497333894171407e-03,
          9.7496894650890564e-07, 1.7497334386386287e-03,
          9.9999846921479996e-01 ]
   - !!opencv-matrix
      rows: 3
      cols: 3
      dt: d
      data: [ -9.9990654230771558e-01, -1.3455316542560278e-02,
          -2.4209723187429812e-03, -1.3461552387790846e-02,
          9.3809368334323784e-01, 3.4611996168789283e-01,
          -2.3860548064479391e-03, 3.4612020416071709e-01,
          -9.3818714072097797e-01 ]
   - !!opencv-matrix
      rows: 3
      cols: 3
      dt: d
      data: [ 9.9999613257223208e-01, -2.7784364212761850e-03,
          -1.2301069727575081e-04, 2.7783792967062369e-03,
          9.9999603350616406e-01, -4.6214762014951116e-04,
          1.2429425713428657e-04, 4.6180406245246997e-04,
          9.9999988564396647e-01 ]
   - !!opencv-matrix
      rows: 3
      cols: 3
      dt: d
      data: [ 1., 2.4286128663675299e-16, -2.4286128663675299e-16,
          -4.1633363423443370e-17, 1., -6.6613381477509392e-16,
          9.7144514654701197e-17, 3.8857805861880479e-16, 1. ]
   - !!opencv-matrix
      rows: 3
      cols: 3
      dt: d
      data: [ -9.9999651700782544e-01, 1.4738765756457731e-03,
          2.1894428646735261e-03, 9.8364768845592772e-04,
          -5.6166412726443904e-01, 8.2736475667114329e-01,
          2.4491650501555621e-03, 8.2736402860658453e-01,
          5.6166072121739197e-01 ]
   - !!opencv-matrix
      rows: 3
      cols: 3
      dt: d
      data: [ 9.9999098128827846e-01, -4.7851801080722733e-04,
          4.2199955710040885e-03, 3.4572086276421499e-04,
          9.9950642003298296e-01, 3.1413321854509055e-02,
          -4.2329445060158150e-03, -3.1411579606304751e-02,
          9.9949757120637661e-01 ]
   - !!opencv-matrix
      rows: 3
      cols: 3
      dt: d
      data: [ 9.9999999978417498e-01, -1.9419484122448413e-05,
          -7.3847009931272967e-06, 1.9403999429352947e-05,
          9.9999781343512850e-01, -2.0911117729630613e-03,
          7.4252931575465551e-06, 2.0911116292189891e-03,
          9.9999781359611917e-01 ]
   - !!opencv-matrix
      rows: 3
      cols: 3
      dt: d
      data: [ 9.9999425855609148e-01, -5.8413604973928113e-04,
          -3.3379095146251776e-03, 6.5803465110556014e-04,
          9.9975375150632650e-01, 2.2181148289130669e-02,
          3.3241307510948224e-03, -2.2183217397434597e-02,
          9.9974839585800168e-01 ]
   - !!opencv-matrix
      rows: 3
      cols: 3
      dt: d
      data: [ 9.9999998285340097e-01, -1.8402915164979043e-04,
          -2.0651121025447479e-05, 1.8392500999054283e-04,
          9.9998780876911497e-01, -4.9344183785838269e-03,
          2.1558946090892775e-05, 4.9344144957174513e-03,
          9.9998782547028864e-01 ]
   - !!opencv-matrix
      rows: 3
      cols: 3
      dt: d
      data: [ -9.7636234247083031e-01, -1.9811962000648359e-01,
          -8.6401344742772002e-02, -1.9878057254156911e-01,
          6.6611414407739622e-01, 7.1887288934837690e-01,
          -8.4869665870195538e-02, 7.1905532695928476e-01,
          -6.8975109756096609e-01 ]
   - !!opencv-matrix
      rows: 3
      cols: 3
      dt: d
      data: [ -9.9892557023384276e-01, -2.3509270216906977e-02,
          3.9937693309211444e-02, -2.5086687485772387e-02,
          -4.5028682636560424e-01, -8.9253147401790978e-01,
          3.8966180772349188e-02, -8.9257441606594456e-01,
          4.4921325508109827e-01 ]
   - !!opencv-matrix
      rows: 3
      cols: 3
      dt: d
      data: [ 1., -2.9963447772019088e-16, 1.1958626030484613e-15,
          2.9963447771872676e-16, 9.9999999999999989e-01,
          5.7786649274817042e-15, -9.5057031576587098e-17,
          -5.7786649274821081e-15, 1. ]
   - !!opencv-matrix
      rows: 3
      cols: 3
      dt: d
      data: [ 9.9999754831424459e-01, -2.2074272033256598e-03,
          -1.7501611917398324e-04, 2.2075873630103895e-03,
          9.9999713983226324e-01, 9.2026372747877616e-04,
          1.7298420341201048e-04, -9.2064783465417577e-04,
          9.9999956124191869e-01 ]
   - !!opencv-matrix
      rows: 3
      cols: 3
      dt: d
      data: [ 9.9999606348731218e-01, -2.5168251501711814e-03,
          1.2404035802180968e-03, 2.5199663549760332e-03,
          9.9999360570957441e-01, -2.5373824179404925e-03,
          -1.2340095008319951e-03, 2.5404982047916302e-03,
          9.9999601153675810e-01 ]
   - !!opencv-matrix
      rows: 3
      cols: 3
      dt: d
      data: [ 9.9999999448188803e-01, 1.0335645505773258e-04,
          1.8806036997186248e-05, -1.0335446354842008e-04,
          9.9999998905496257e-01, -1.0586751175406528e-04,
          -1.8816978882355007e-05, 1.0586556748237719e-04,
          9.9999999421920149e-01 ]
   - !!opencv-matrix
      rows: 3
      cols: 3
      dt: d
      data: [ 9.9999643488481638e-01, -2.6085605508221858e-03,
          -5.7063956224945311e-04, 2.6086327426836399e-03,
          9.9999658959862625e-01, 1.2580274548318338e-04,
          5.7030945206044958e-04, -1.2729088602825289e-04,
          9.9999982927206488e-01 ]
   - !!opencv-matrix
      rows: 3
      cols: 3
      dt: d
      data: [ 9.9989375651961532e-01, -5.7713073327827491e-03,
          -1.3385353367147426e-02, 5.5676800354231837e-03,
          9.9986896595888997e-01, -1.5200389841148493e-02,
          1.3471325551555308e-02, 1.5124249534118922e-02,
          9.9979486919263272e-01 ]
   - !!opencv-matrix
      rows: 3
      cols: 3
      dt: d
      data: [ 9.9998176996361565e-01, -6.0232310009289544e-03,
          -4.2476904737056079e-04, 6.0227410057251025e-03,
          9.9998120697351423e-01, -1.1455525180070689e-03,
          4.3166099211425571e-04, 1.1429733605834089e-03,
          9.9999925364006403e-01 ]
   - !!opencv-matrix
      rows: 3
      cols: 3
      dt: d
      data: [ 9.9998985725172329e-01, -4.4910086398675317e-03,
          -3.4093265419649077e-04, 4.4908369066849908e-03,
          9.9998978972521468e-01, -5.0282123854425431e-04,
          3.4318734770690668e-04, 5.0128506560914721e-04,
          9.9999981546784666e-01 ]
   - !!opencv-matrix
      rows: 3
      cols: 3
      dt: d
      data: [ 9.9999180709225921e-01, -3.5169189949280852e-03,
          2.0042527638237540e-03, 3.4504963003343866e-03,
          9.9947443365394606e-01, 3.2232755814620324e-02,
          -2.1165593872052883e-03, -3.2225576067879957e-02,
          9.9947838016810220e-01 ]
   - !!opencv-matrix
