%YAML:1.0
---
Camera Count: 169
Point Count: 0
Rotations:
   - !!opencv-matrix
      rows: 3
      cols: 3
      dt: d
      data: [ 9.9974566146525723e-01, -6.0548371902450215e-03,
          -2.1724440798197964e-02, 5.7474652843039209e-03,
          9.9988289321416068e-01, -1.4183317682626824e-02,
          2.1807774398146712e-02, 1.4054849849080786e-02,
          9.9966338443073866e-01 ]
   - !!opencv-matrix
      rows: 3
      cols: 3
      dt: d
      data: [ 9.9999729261892112e-01, -2.2172155318659899e-03,
          -7.0619410440472818e-04, 2.2165030601102361e-03,
          9.9999703544083263e-01, -1.0080792283648984e-03,
          7.0842713977301019e-04, 1.0065112177168184e-03,
          9.9999924253279138e-01 ]
   - !!opencv-matrix
      rows: 3
      cols: 3
      dt: d
      data: [ 9.9953947678936284e-01, 1.1280264414116892e-03,
          -3.0324278985563266e-02, 1.4273339886250458e-04,
          9.9912301913570900e-01, 4.1870899922530916e-02,
          3.0344916655407644e-02, -4.1855945688674137e-02,
          9.9866273878806699e-01 ]
   - !!opencv-matrix
      rows: 3
      cols: 3
      dt: d
      data: [ -9.6729455690003807e-01, -2.4874073657230400e-01,
          -4.9691912430763721e-02, -2.4875154424607482e-01,
          8.9187600744423501e-01, 3.7772987250219403e-01,
          -4.9637782250540163e-02, 3.7773698960361113e-01,
          -9.2458144976981294e-01 ]
   - !!opencv-matrix
      rows: 3
      cols: 3
      dt: d
      data: [ 9.9999999882898061e-01, 4.8383015973051807e-05,
          -1.0596279484228381e-06, -4.8384795975593003e-05,
          9.9999846804481485e-01, -1.7497333894171407e-03,
          9.7496894650890564e-07, 1.7497334386386287e-03,
          9.9999846921479996e-01 ]
   - !!opencv-matrix
      rows: 3
      cols: 3
      dt: d
      data: [ -9.9990654230771558e-01, -1.3455316542560278e-02,
          -2.4209723187429812e-03, -1.3461552387790846e-02,
          9.3809368334323784e-01, 3.4611996168789283e-01,
          -2.3860548064479391e-03, 3.4612020416071709e-01,
          -9.3818714072097797e-01 ]
   - !!opencv-matrix
      rows: 3
      cols: 3
      dt: d
      data: [ 9.9999613257223208e-01, -2.7784364212761850e-03,
          -1.2301069727575081e-04, 2.7783792967062369e-03,
          9.9999603350616406e-01, -4.6214762014951116e-04,
          1.2429425713428657e-04, 4.6180406245246997e-04,
          9.9999988564396647e-01 ]
   - !!opencv-matrix
      rows: 3
      cols: 3
      dt: d
      data: [ 1., 2.4286128663675299e-16, -2.4286128663675299e-16,
          -4.1633363423443370e-17, 1., -6.6613381477509392e-16,
          9.7144514654701197e-17, 3.8857805861880479e-16, 1. ]
   - !!opencv-matrix
      rows: 3
      cols: 3
      dt: d
      data: [ -9.9999651700782544e-01, 1.4738765756457731e-03,
          2.1894428646735261e-03, 9.8364768845592772e-04,
          -5.6166412726443904e-01, 8.2736475667114329e-01,
          2.4491650501555621e-03, 8.2736402860658453e-01,
          5.6166072121739197e-01 ]
   - !!opencv-matrix
      rows: 3
      cols: 3
      dt: d
      data: [ 9.9999098128827846e-01, -4.7851801080722733e-04,
          4.2199955710040885e-03, 3.4572086276421499e-04,
          9.9950642003298296e-01, 3.1413321854509055e-02,
          -4.2329445060158150e-03, -3.1411579606304751e-02,
          9.9949757120637661e-01 ]
   - !!opencv-matrix
      rows: 3
      cols: 3
      dt: d
      data: [ 9.9999999978417498e-01, -1.9419484122448413e-05,
          -7.3847009931272967e-06, 1.9403999429352947e-05,
          9.9999781343512850e-01, -2.0911117729630613e-03,
          7.4252931575465551e-06, 2.0911116292189891e-03,
          9.9999781359611917e-01 ]
   - !!opencv-matrix
      rows: 3
      cols: 3
      dt: d
      data: [ 9.9999425855609148e-01, -5.8413604973928113e-04,
          -3.3379095146251776e-03, 6.5803465110556014e-04,
          9.9975375150632650e-01, 2.2181148289130669e-02,
          3.3241307510948224e-03, -2.2183217397434597e-02,
          9.9974839585800168e-01 ]
   - !!opencv-matrix
      rows: 3
      cols: 3
      dt: d
      data: [ 9.9999998285340097e-01, -1.8402915164979043e-04,
          -2.0651121025447479e-05, 1.8392500999054283e-04,
          9.9998780876911497e-01, -4.9344183785838269e-03,
          2.1558946090892775e-05, 4.9344144957174513e-03,
          9.9998782547028864e-01 ]
   - !!opencv-matrix
      rows: 3
      cols: 3
      dt: d
      data: [ -9.7636234247083031e-01, -1.9811962000648359e-01,
          -8.6401344742772002e-02, -1.9878057254156911e-01,
          6.6611414407739622e-01, 7.1887288934837690e-01,
          -8.4869665870195538e-02, 7.1905532695928476e-01,
          -6.8975109756096609e-01 ]
   - !!opencv-matrix
      rows: 3
      cols: 3
      dt: d
      data: [ -9.9892557023384276e-01, -2.3509270216906977e-02,
          3.9937693309211444e-02, -2.5086687485772387e-02,
          -4.5028682636560424e-01, -8.9253147401790978e-01,
          3.8966180772349188e-02, -8.9257441606594456e-01,
          4.4921325508109827e-01 ]
   - !!opencv-matrix
      rows: 3
      cols: 3
      dt: d
      data: [ 1., -2.9963447772019088e-16, 1.1958626030484613e-15,
          2.9963447771872676e-16, 9.9999999999999989e-01,
          5.7786649274817042e-15, -9.5057031576587098e-17,
          -5.7786649274821081e-15, 1. ]
   - !!opencv-matrix
      rows: 3
      cols: 3
      dt: d
      data: [ 9.9999754831424459e-01, -2.2074272033256598e-03,
          -1.7501611917398324e-04, 2.2075873630103895e-03,
          9.9999713983226324e-01, 9.2026372747877616e-04,
          1.7298420341201048e-04, -9.2064783465417577e-04,
          9.9999956124191869e-01 ]
   - !!opencv-matrix
      rows: 3
      cols: 3
      dt: d
      data: [ 9.9999606348731218e-01, -2.5168251501711814e-03,
          1.2404035802180968e-03, 2.5199663549760332e-03,
          9.9999360570957441e-01, -2.5373824179404925e-03,
          -1.2340095008319951e-03, 2.5404982047916302e-03,
          9.9999601153675810e-01 ]
   - !!opencv-matrix
      rows: 3
      cols: 3
      dt: d
      data: [ 9.9999999448188803e-01, 1.0335645505773258e-04,
          1.8806036997186248e-05, -1.0335446354842008e-04,
          9.9999998905496257e-01, -1.0586751175406528e-04,
          -1.8816978882355007e-05, 1.0586556748237719e-04,
          9.9999999421920149e-01 ]
   - !!opencv-matrix
      rows: 3
      cols: 3
      dt: d
      data: [ 9.9999643488481638e-01, -2.6085605508221858e-03,
          -5.7063956224945311e-04, 2.6086327426836399e-03,
          9.9999658959862625e-01, 1.2580274548318338e-04,
          5.7030945206044958e-04, -1.2729088602825289e-04,
          9.9999982927206488e-01 ]
   - !!opencv-matrix
      rows: 3
      cols: 3
      dt: d
      data: [ 9.9989375651961532e-01, -5.7713073327827491e-03,
          -1.3385353367147426e-02, 5.5676800354231837e-03,
          9.9986896595888997e-01, -1.5200389841148493e-02,
          1.3471325551555308e-02, 1.5124249534118922e-02,
          9.9979486919263272e-01 ]
   - !!opencv-matrix
      rows: 3
      cols: 3
      dt: d
      data: [ 9.9998176996361565e-01, -6.0232310009289544e-03,
          -4.2476904737056079e-04, 6.0227410057251025e-03,
          9.9998120697351423e-01, -1.1455525180070689e-03,
          4.3166099211425571e-04, 1.1429733605834089e-03,
          9.9999925364006403e-01 ]
   - !!opencv-matrix
      rows: 3
      cols: 3
      dt: d
      data: [ 9.9998985725172329e-01, -4.4910086398675317e-03,
          -3.4093265419649077e-04, 4.4908369066849908e-03,
          9.9998978972521468e-01, -5.0282123854425431e-04,
          3.4318734770690668e-04, 5.0128506560914721e-04,
          9.9999981546784666e-01 ]
   - !!opencv-matrix
      rows: 3
      cols: 3
      dt: d
      data: [ 9.9999180709225921e-01, -3.5169189949280852e-03,
          2.0042527638237540e-03, 3.4504963003343866e-03,
          9.9947443365394606e-01, 3.2232755814620324e-02,
          -2.1165593872052883e-03, -3.2225576067879957e-02,
          9.9947838016810220e-01 ]
   - !!opencv-matrix
      rows: 3
      cols: 3
      dt: d
      data: [ 9.9999879871146946e-01, -1.4003505430698754e-03,
          -6.6452537531741008e-04, 1.4127721696992473e-03,
          9.9981704876853994e-01, 1.9075457178363512e-02,
          6.3769147276267679e-04, -1.9076373086192939e-02,
          9.9981782607606162e-01 ]
   - !!opencv-matrix
      rows: 3
      cols: 3
      dt: d
      data: [ 9.9999934489542597e-01, -9.6859915816691761e-04,
          6.0993802096519938e-04, 9.4525946040715722e-04,
          9.9930855901030735e-01, 3.7168674623876026e-02,
          -6.4551783176707836e-04, -3.7168073724821823e-02,
          9.9930881993621712e-01 ]
   - !!opencv-matrix
      rows: 3
      cols: 3
      dt: d
      data: [ 9.9987683059284294e-01, -8.9465932772034296e-04,
          -1.5669180843242744e-02, 2.1343270036255635e-03,
          9.9685025403349214e-01, 7.9278090804478757e-02,
          1.5548900020661293e-02, -7.9301769324832239e-02,
          9.9672938207424111e-01 ]
   - !!opencv-matrix
      rows: 3
      cols: 3
      dt: d
      data: [ 9.9999995193344604e-01, -2.9134547213927097e-04,
          1.0607036053403751e-04, 2.8827302153884050e-04,
          9.9961075730975435e-01, 2.7897146257006060e-02,
          -1.1415678066927901e-04, -2.7897114338863060e-02,
          9.9961079324894953e-01 ]
   - !!opencv-matrix
      rows: 3
      cols: 3
      dt: d
      data: [ 9.9999666589000002e-01, -2.3632827098815368e-03,
          1.0407226896843418e-03, 2.3522080850567340e-03,
          9.9994192875296561e-01, 1.0516950077084503e-02,
          -1.0655167798987210e-03, -1.0514467016091100e-02,
          9.9994415376927892e-01 ]
   - !!opencv-matrix
      rows: 3
      cols: 3
      dt: d
      data: [ 9.9998651264452998e-01, -5.1170554264519455e-03,
          8.8897288702522760e-04, 5.1072762949839479e-03,
          9.9992997849358256e-01, 1.0674916330831730e-02,
          -9.4353477834141844e-04, -1.0670232124287665e-02,
          9.9994262629839703e-01 ]
   - !!opencv-matrix
      rows: 3
      cols: 3
      dt: d
      data: [ 9.9988519738204273e-01, -2.9081638003864430e-03,
          -1.4870596477057185e-02, 3.4556538949083171e-03,
          9.9931207172169012e-01, 3.6924812355140411e-02,
          1.4752983170598083e-02, -3.6971960924650001e-02,
          9.9920739768726408e-01 ]
   - !!opencv-matrix
      rows: 3
      cols: 3
      dt: d
      data: [ -9.8408589108520073e-01, 9.2137865015845449e-02,
          -1.5193937211061712e-01, 8.5925242907827118e-02,
          -5.0170273224850925e-01, -8.6076200025652372e-01,
          -1.5553717111442411e-01, -8.6011916749058814e-01,
          4.8580161189215887e-01 ]
   - !!opencv-matrix
      rows: 3
      cols: 3
      dt: d
      data: [ 9.9999995545235709e-01, 2.9812742144657602e-04,
          1.4673933051583682e-05, -2.9813133357531330e-04,
          9.9999991982679037e-01, 2.6732774006638094e-04,
          -1.4594234145192536e-05, -2.6733210291679521e-04,
          9.9999996416027681e-01 ]
   - !!opencv-matrix
      rows: 3
      cols: 3
      dt: d
      data: [ -9.8281112366308210e-01, -1.0989075728473015e-01,
          -1.4834526169547274e-01, -1.1451474360755284e-01,
          -2.6739463875123720e-01, 9.5675831883688955e-01,
          -1.4480562385696999e-01, 9.5730043801853792e-01,
          2.5021431347728684e-01 ]
   - !!opencv-matrix
      rows: 3
      cols: 3
      dt: d
      data: [ 9.9999970868844423e-01, -7.4781557252185347e-04,
          1.5295390059164027e-04, 7.4777304102557722e-04,
          9.9999968179352239e-01, 2.7793584390314874e-04,
          -1.5316169667295432e-04, -2.7782138813381430e-04,
          9.9999994967838435e-01 ]
   - !!opencv-matrix
      rows: 3
      cols: 3
      dt: d
      data: [ -9.3321256546220810e-01, -9.7184205916187844e-02,
          3.4593285155342490e-01, -1.0387593105446008e-01,
          -8.4865918104256099e-01, -5.1863993808782172e-01,
          3.4398270103453277e-01, -5.1993540421153239e-01,
          7.8188431167045236e-01 ]
   - !!opencv-matrix
      rows: 3
      cols: 3
      dt: d
      data: [ 9.9996488032014774e-01, -6.8505133879351449e-03,
          -4.8278973305244527e-03, 7.1737543616908830e-03,
          9.9748851171212938e-01, 7.0464219648551360e-02,
          4.3330560428509624e-03, -7.0496379117248820e-02,
          9.9750262413523838e-01 ]
   - !!opencv-matrix
      rows: 3
      cols: 3
      dt: d
      data: [ 9.9998011159597078e-01, -6.1641896897050852e-03,
          -1.3338583054825909e-03, 6.1736338399789037e-03,
          9.9995505092149828e-01, 7.1959976232308098e-03,
          1.2894408554244702e-03, -7.2040892590951588e-03,
          9.9997321886149904e-01 ]
   - !!opencv-matrix
      rows: 3
      cols: 3
      dt: d
      data: [ 9.9996918917277045e-01, -5.5305588887238355e-03,
          5.5707830266979314e-03, 5.4502264863206529e-03,
          9.9988241293521718e-01, 1.4333713199868425e-02,
          -5.6494014196193792e-03, -1.4302909537106029e-02,
          9.9988174852948153e-01 ]
   - !!opencv-matrix
      rows: 3
      cols: 3
      dt: d
      data: [ 9.9998089421583780e-01, -5.2564318190332360e-03,
          -3.2528645568730002e-03, 5.2852200364874036e-03,
          9.9994637583505297e-01, 8.9057230760707373e-03,
          3.2058777985785880e-03, -8.9227450301788691e-03,
          9.9995505247419414e-01 ]
   - !!opencv-matrix
      rows: 3
      cols: 3
      dt: d
      data: [ 9.9996699863651006e-01, -8.1215630104371633e-03,
          -2.0457799890285198e-04, 8.1215758004026736e-03,
          9.9996701755183193e-01, 6.1765788234954822e-05,
          2.0406961667879253e-04, -6.3425245604653568e-05,
          9.9999997716641464e-01 ]
   - !!opencv-matrix
      rows: 3
      cols: 3
      dt: d
      data: [ 9.9988932381432261e-01, -8.9491907048674380e-03,
          1.1884953002197302e-02, 9.2421010524775249e-03,
          9.9964912424720420e-01, -2.4823616979267216e-02,
          -1.1658631578032791e-02, 2.4930711532675565e-02,
          9.9962119621994927e-01 ]
   - !!opencv-matrix
      rows: 3
      cols: 3
      dt: d
      data: [ 9.9994994136174997e-01, -6.5718375041062260e-03,
          -7.5449136809330273e-03, 6.9249850732208407e-03,
          9.9883408654980732e-01, 4.7775643668584167e-02,
          7.2221431977478028e-03, -4.7825500499539146e-02,
          9.9882959615221645e-01 ]
   - !!opencv-matrix
      rows: 3
      cols: 3
      dt: d
      data: [ 9.9999547351897167e-01, -3.0077290187129724e-03,
          8.0670426789531367e-05, 3.0078804122416671e-03,
          9.9999358038208674e-01, -1.9472673264590012e-03,
          -7.4813056471272933e-05, 1.9475011591869040e-03,
          9.9999810081931739e-01 ]
   - !!opencv-matrix
      rows: 3
      cols: 3
      dt: d
      data: [ 9.9995136560170750e-01, -4.4294209627022685e-03,
          8.8117342910015491e-03, 4.2122409765045221e-03,
          9.9969060270138532e-01, 2.4514401818045185e-02,
          -8.9175925695167274e-03, -2.4476092426608725e-02,
          9.9966064113892583e-01 ]
   - !!opencv-matrix
      rows: 3
      cols: 3
      dt: d
      data: [ 9.9999836438123024e-01, -1.7727508303631446e-03,
          3.5859358293622440e-04, 1.7731040599758005e-03,
          9.9999794083220850e-01, -9.8713389929144801e-04,
          -3.5684290209171687e-04, 9.8776810845474516e-04,
          9.9999944848850153e-01 ]
   - !!opencv-matrix
      rows: 3
      cols: 3
      dt: d
      data: [ 9.9998660670287576e-01, -5.1605026451842159e-03,
          3.9449628235622980e-04, 5.1589638705891068e-03,
          9.9997944614847922e-01, 3.8068848633056596e-03,
          -4.1413361334519810e-04, -3.8047986844975679e-03,
          9.9999267597333974e-01 ]
   - !!opencv-matrix
      rows: 3
      cols: 3
      dt: d
      data: [ 9.9995249264738384e-01, -5.9630458416587706e-03,
          7.7106765315234508e-03, 5.5606880022166794e-03,
          9.9867343731752678e-01, 5.1190275886517221e-02,
          -8.0056977975385413e-03, -5.1144967305552354e-02,
          9.9865915162386043e-01 ]
   - !!opencv-matrix
      rows: 3
      cols: 3
      dt: d
      data: [ 9.9998405502210364e-01, -4.9869196596007900e-03,
          -2.6495912625785828e-03, 5.1015315543531670e-03,
          9.9896622223833298e-01, 4.5171464473419416e-02,
          2.4215857098183816e-03, -4.5184261188849981e-02,
          9.9897573467200262e-01 ]
   - !!opencv-matrix
      rows: 3
      cols: 3
      dt: d
      data: [ 9.9999631268675082e-01, -2.2638888618836672e-03,
          1.4998066949265809e-03, 2.2684631857531959e-03,
          9.9999275959964806e-01, -3.0552942666651761e-03,
          -1.4928789890651939e-03, 3.0586852571115042e-03,
          9.9999420786163662e-01 ]
   - !!opencv-matrix
      rows: 3
      cols: 3
      dt: d
      data: [ 9.9998245800061858e-01, -4.4570269196911871e-03,
          3.9011026746037236e-03, 4.4851010586512419e-03,
          9.9996389480632253e-01, -7.2175447531627190e-03,
          -3.8687930332771958e-03, 7.2349149827328207e-03,
          9.9996634365645420e-01 ]
   - !!opencv-matrix
      rows: 3
      cols: 3
      dt: d
      data: [ 9.9996229014037241e-01, -8.4873438055369285e-03,
          1.8393728135186055e-03, 8.4889799895117302e-03,
          9.9996357760748678e-01, -8.8355937769649118e-04,
          -1.8318067469487997e-03, 8.9914045780366270e-04,
          9.9999791801307214e-01 ]
   - !!opencv-matrix
      rows: 3
      cols: 3
      dt: d
      data: [ 9.9989110873432430e-01, -5.4127674771984602e-03,
          -1.3728533143833630e-02, 6.5493732901831248e-03,
          9.9643188253198600e-01, 8.4146355733735273e-02,
          1.3224083467273788e-02, -8.4227106218842829e-02,
          9.9635883003787862e-01 ]
   - !!opencv-matrix
      rows: 3
      cols: 3
      dt: d
      data: [ -9.8476752642134080e-01, -5.6871352060731392e-02,
          -1.6431241042836281e-01, -7.3801437577466183e-02,
          -7.1893570069923129e-01, 6.9114745609862727e-01,
          -1.5743654822655928e-01, 6.9274606283607887e-01,
          7.0378734409451948e-01 ]
   - !!opencv-matrix
      rows: 3
      cols: 3
      dt: d
      data: [ 9.9996608283574695e-01, -8.1866387529146746e-03,
          9.0117926155774269e-04, 8.1856152083953013e-03,
          9.9996585466260424e-01, 1.1336721517244963e-03,
          -9.1042945485826643e-04, -1.1262569941109524e-03,
          9.9999895133114547e-01 ]
   - !!opencv-matrix
      rows: 3
      cols: 3
      dt: d
      data: [ 9.9997794728001121e-01, -6.5983916144072390e-03,
          -7.5245050178076710e-04, 6.6197647964930106e-03,
          9.9942505850164443e-01, 3.3252536038975294e-02,
          5.3260463180525644e-04, -3.3256783775451937e-02,
          9.9944669826120236e-01 ]
   - !!opencv-matrix
      rows: 3
      cols: 3
      dt: d
      data: [ 9.9993230945628353e-01, -1.1634544079098877e-02,
          1.1785370089262281e-04, 1.1634899435628704e-02,
          9.9992552175127880e-01, -3.6851140492235590e-03,
          -7.4970301513016535e-05, 3.6862358178078591e-03,
          9.9999320299937489e-01 ]
   - !!opencv-matrix
      rows: 3
      cols: 3
      dt: d
      data: [ 9.9992840600965582e-01, -1.0893225440131646e-02,
          4.9518172927201787e-03, 1.0931231609043329e-02,
          9.9991049684494238e-01, -7.7140439983672260e-03,
          -4.8673432691206109e-03, 7.7676211808877516e-03,
          9.9995798563274207e-01 ]
   - !!opencv-matrix
      rows: 3
      cols: 3
      dt: d
      data: [ 9.9959577072229644e-01, -7.1759230870456769e-03,
          -2.7510021482123698e-02, 8.3332278604991705e-03,
          9.9907496562121501e-01, 4.2187324902077009e-02,
          2.7181840767746150e-02, -4.2399518827661339e-02,
          9.9873090887168403e-01 ]
   - !!opencv-matrix
      rows: 3
      cols: 3
      dt: d
      data: [ 9.9998546309106262e-01, -5.3868277200775222e-03,
          2.3599505728570669e-04, 5.3853331582106451e-03,
          9.9996790357786147e-01, 5.9321160534840933e-03,
          -2.6794276988444110e-04, -5.9307589068458011e-03,
          9.9998237699744519e-01 ]
   - !!opencv-matrix
      rows: 3
      cols: 3
      dt: d
      data: [ -9.9871141183368095e-01, 3.1829753261615905e-02,
          3.9526986736665506e-02, 1.3150192891408855e-02,
          -5.8995358773999873e-01, 8.0733006678781827e-01,
          4.9016204464387564e-02, 8.0680953831744406e-01,
          5.8877481313308344e-01 ]
   - !!opencv-matrix
      rows: 3
      cols: 3
      dt: d
      data: [ 9.9998142478244278e-01, -5.6793600431807104e-03,
          2.2124555532345735e-03, 5.6768698809254647e-03,
          9.9998324778225312e-01, 1.1301783983769242e-03,
          -2.2188371797349062e-03, -1.1175975827742435e-03,
          9.9999691386384437e-01 ]
   - !!opencv-matrix
      rows: 3
      cols: 3
      dt: d
      data: [ 9.9992617025074160e-01, -9.1783193620671444e-03,
          7.9631966805224219e-03, 9.4584988691054916e-03,
          9.9931095646943002e-01, -3.5890793795845449e-02,
          -7.6282925237507945e-03, 3.5963463874336021e-02,
          9.9932399071538924e-01 ]
   - !!opencv-matrix
      rows: 3
      cols: 3
      dt: d
      data: [ 9.9993491116898636e-01, -8.5686437096947829e-03,
          7.5333770944999157e-03, 8.6184689821086694e-03,
          9.9994103608117479e-01, -6.6065386785427449e-03,
          -7.4763238209736849e-03, 6.6710348434825262e-03,
          9.9994979967808439e-01 ]
   - !!opencv-matrix
      rows: 3
      cols: 3
      dt: d
      data: [ 9.9992916132458332e-01, -1.1155751898653046e-02,
          4.1498834070130969e-03, 1.1172997515102832e-02,
          9.9992894346109595e-01, -4.1559782606126264e-03,
          -4.1032254682897840e-03, 4.2020504936119904e-03,
          9.9998275300747330e-01 ]
   - !!opencv-matrix
      rows: 3
      cols: 3
      dt: d
      data: [ 9.9993972874503401e-01, -1.0758313859167250e-02,
          2.1903333571438033e-03, 1.0758161841507716e-02,
          9.9994212600755472e-01, 8.1174401739270152e-05,
          -2.1910798934988915e-03, -5.7605548513195437e-05,
          9.9999759792236576e-01 ]
   - !!opencv-matrix
      rows: 3
      cols: 3
      dt: d
      data: [ 9.9995108206648231e-01, -9.1744666606361630e-03,
          3.6963002535121692e-03, 9.2073855722723877e-03,
          9.9991720246512084e-01, -8.9895642413747590e-03,
          -3.6135197515368700e-03, 9.0231577520933914e-03,
          9.9995276143385192e-01 ]
   - !!opencv-matrix
      rows: 3
      cols: 3
      dt: d
      data: [ 9.9996534707891871e-01, -6.3670894151948015e-03,
          -5.3632838557059540e-03, 6.5827836761861713e-03,
          9.9912888592296722e-01, 4.1208449053594776e-02,
          5.0962339438559226e-03, -4.1242326397877616e-02,
          9.9913617636080032e-01 ]
   - !!opencv-matrix
      rows: 3
      cols: 3
      dt: d
      data: [ 9.9982479343157771e-01, -1.3582711826718469e-02,
          -1.2879921542288141e-02, 1.2732228492929043e-02,
          9.9787123871113126e-01, -6.3959997738555735e-02,
          1.3721253481625340e-02, 6.3784801422787224e-02,
          9.9786934330620125e-01 ]
   - !!opencv-matrix
      rows: 3
      cols: 3
      dt: d
      data: [ 9.9998234949206088e-01, -5.9305203773639577e-03,
          -3.6004498669146845e-04, 5.9304290299253236e-03,
          9.9998238252881932e-01, -2.5425087350766651e-04,
          3.6154648359529307e-04, 2.5211116460965854e-04,
          9.9999990286204565e-01 ]
   - !!opencv-matrix
      rows: 3
      cols: 3
      dt: d
      data: [ 9.9999636479000753e-01, -1.9684452104398826e-03,
          -1.8427235884848504e-03, 2.0690852433066453e-03,
          9.9841131191815857e-01, 5.6307824679321758e-02,
          1.7289572076830493e-03, -5.6311432740739263e-02,
          9.9841175536431825e-01 ]
   - !!opencv-matrix
      rows: 3
      cols: 3
      dt: d
      data: [ 9.9998040723034087e-01, -3.6566066655100704e-03,
          5.0807856809027829e-03, 3.6066475211994353e-03,
          9.9994540034577550e-01, 9.8075695758201298e-03,
          -5.1163706960446476e-03, -9.7890528152865253e-03,
          9.9993899673724118e-01 ]
   - !!opencv-matrix
      rows: 3
      cols: 3
      dt: d
      data: [ 9.9987658115204581e-01, -6.1163794582039799e-03,
          -1.4471087243835640e-02, 5.7103489812239672e-03,
          9.9959343369515130e-01, -2.7934910560994328e-02,
          1.4636064300489790e-02, 2.7848827908214926e-02,
          9.9950499168635010e-01 ]
   - !!opencv-matrix
      rows: 3
      cols: 3
      dt: d
      data: [ 9.9996088237882896e-01, -8.5438410795848629e-03,
          -2.2883382093921434e-03, 8.5440867370517731e-03,
          9.9996349386194394e-01, 9.7597356745610098e-05,
          2.2874208146955177e-03, -1.1714529911394100e-04,
          9.9999737698805768e-01 ]
   - !!opencv-matrix
      rows: 3
      cols: 3
      dt: d
      data: [ 9.9976262762530421e-01, -3.0728595202980102e-03,
          -2.1569560452541214e-02, 2.6060670873466751e-03,
          9.9976251547794781e-01, -2.1636105461531496e-02,
          2.1630922728435573e-02, 2.1574757926214674e-02,
          9.9953320755357677e-01 ]
   - !!opencv-matrix
      rows: 3
      cols: 3
      dt: d
      data: [ 9.9999279267991203e-01, -3.5831041918219699e-03,
          -1.2553694998728784e-03, 3.5870455303028837e-03,
          9.9998860042476678e-01, 3.1515273884507033e-03,
          1.2440629381975099e-03, -3.1560077419371946e-03,
          9.9999424594471464e-01 ]
   - !!opencv-matrix
      rows: 3
      cols: 3
      dt: d
      data: [ 9.9883549846514486e-01, -2.6943607657682334e-03,
          -4.8170399894016246e-02, 5.4056514226008545e-04,
          9.9900168494933861e-01, -4.4669242860260416e-02,
          4.8242665714204866e-02, 4.4591186219317458e-02,
          9.9783980243140302e-01 ]
   - !!opencv-matrix
      rows: 3
      cols: 3
      dt: d
      data: [ 9.9968329335920914e-01, -3.3957853312079345e-03,
          2.4935549331621537e-02, 3.0980245870348422e-03,
          9.9992355592775894e-01, 1.1970152231439541e-02,
          -2.4974291224046354e-02, -1.1889110259817474e-02,
          9.9961739372376190e-01 ]
   - !!opencv-matrix
      rows: 3
      cols: 3
      dt: d
      data: [ 6.6222754784545079e-01, 6.9719567474172128e-01,
          2.7454119180195419e-01, 6.9768481204124955e-01,
          -7.0736528574505164e-01, 1.1344714879532036e-01,
          2.7329577003965444e-01, 1.1641539264314364e-01,
          -9.5485961189809199e-01 ]
   - !!opencv-matrix
      rows: 3
      cols: 3
      dt: d
      data: [ -3.8111926847868888e-01, 2.9863212444056120e-01,
          8.7496683219787585e-01, 2.9130302622398585e-01,
          -8.5940087092159689e-01, 4.2020553300967900e-01,
          8.7743412864272430e-01, 4.1502891141620213e-01,
          2.4054178967835382e-01 ]
   - !!opencv-matrix
      rows: 3
      cols: 3
      dt: d
      data: [ 9.9996979342705672e-01, -7.4766315742113886e-03,
          -2.1241972019672428e-03, 7.4817945934858906e-03,
          9.9996905087269539e-01, 2.4331145516855689e-03,
          2.1059399588367750e-03, -2.4489338627745640e-03,
          9.9999478385630880e-01 ]
   - !!opencv-matrix
      rows: 3
      cols: 3
      dt: d
      data: [ 9.9996981477583347e-01, -7.5249900439898713e-03,
          -1.9349578866170447e-03, 7.5292241430254345e-03,
          9.9996925617098809e-01, 2.1903188454604258e-03,
          1.9184162710973868e-03, -2.2048214618307516e-03,
          9.9999572921154645e-01 ]
   - !!opencv-matrix
      rows: 3
      cols: 3
      dt: d
      data: [ 9.9996755995155229e-01, -8.0544137385423781e-03,
          7.3917975823803439e-05, 8.0542472218735860e-03,
          9.9996550588212696e-01, 2.0288291181331797e-03,
          -9.0256455210727116e-05, -2.0281679491668918e-03,
          9.9999793919214786e-01 ]
   - !!opencv-matrix
      rows: 3
      cols: 3
      dt: d
      data: [ 9.9999244686818789e-01, -3.6937109960205432e-03,
          1.2094236859237265e-03, 3.6032692561154336e-03,
          9.9769491384803832e-01, 6.7763377516351225e-02,
          -1.4569341927933479e-03, -6.7758507811443699e-02,
          9.9770068756211872e-01 ]
   - !!opencv-matrix
      rows: 3
      cols: 3
      dt: d
      data: [ 9.9997770283055920e-01, -6.6777278562212550e-03,
          4.2336697573447379e-05, 6.6776555535166980e-03,
          9.9997654190140817e-01, 1.5246518322331194e-03,
          -5.2516914446153196e-05, -1.5243351269292127e-03,
          9.9999883682152080e-01 ]
   - !!opencv-matrix
      rows: 3
      cols: 3
      dt: d
      data: [ 9.9999928841473140e-01, -9.7849837562982538e-04,
          6.8243018645889437e-04, 9.2436435070775147e-04,
          9.9716356684944452e-01, 7.5259328316431146e-02,
          -7.5413564936329530e-04, -7.5258643948865597e-02,
          9.9716376177155608e-01 ]
   - !!opencv-matrix
      rows: 3
      cols: 3
      dt: d
      data: [ 9.9998814396414548e-01, -4.7245140751445208e-03,
          -1.1793633440605258e-03, 4.7249300117729815e-03,
          9.9998877615541715e-01, 3.5014222093169428e-04,
          1.1776958552185586e-03, -3.5571047889209478e-04,
          9.9999924325097755e-01 ]
   - !!opencv-matrix
      rows: 3
      cols: 3
      dt: d
      data: [ 9.9996716724140766e-01, -8.0697215061028300e-03,
          7.3758661067642006e-04, 8.0693383043842683e-03,
          9.9996730661269684e-01, 5.2104230000282400e-04,
          -7.4176716272555791e-04, -5.1507335685606337e-04,
          9.9999959224037360e-01 ]
   - !!opencv-matrix
      rows: 3
      cols: 3
      dt: d
      data: [ 9.9994567972857384e-01, -7.6503911233457844e-03,
          7.0787786955268106e-03, 7.4175449378423020e-03,
          9.9944891864782648e-01, 3.2354892068825247e-02,
          -7.3224052916714948e-03, -3.2300627383227025e-02,
          9.9945137543123863e-01 ]
   - !!opencv-matrix
      rows: 3
      cols: 3
      dt: d
      data: [ -8.6094965152551783e-01, 4.4398804293594396e-01,
          -2.4827467705748768e-01, 4.3949850642991822e-01,
          4.0347804279825561e-01, -8.0252509731818367e-01,
          -2.5613816658975397e-01, -8.0005005262770879e-01,
          -5.4250636208844583e-01 ]
   - !!opencv-matrix
      rows: 3
      cols: 3
      dt: d
      data: [ 9.9991717000806535e-01, -1.2814243635491510e-02,
          -1.2034463477001885e-03, 1.2835161370528217e-02,
          9.9972991812825729e-01, 1.9373936922060658e-02,
          9.5485897076021814e-04, -1.9387778607094397e-02,
          9.9981158339210530e-01 ]
   - !!opencv-matrix
      rows: 3
      cols: 3
      dt: d
      data: [ 9.9998000590630121e-01, -5.9358498624606446e-03,
          -2.1802463264626454e-03, 6.1077162239723988e-03,
          9.9593828353515301e-01, 8.9831125961888331e-02,
          1.6381667073763232e-03, -8.9842646195799153e-02,
          9.9595462513830180e-01 ]
   - !!opencv-matrix
      rows: 3
      cols: 3
      dt: d
      data: [ 9.9998886386607078e-01, -4.6710759700684459e-03,
          -6.7319620224626144e-04, 4.6950596436728595e-03,
          9.9912144301423134e-01, 4.1644909942303160e-02,
          4.7807822291333216e-04, -4.1647606875329979e-02,
          9.9913224764430997e-01 ]
   - !!opencv-matrix
      rows: 3
      cols: 3
      dt: d
      data: [ 9.9997368853309998e-01, -7.2186428099017524e-03,
          7.1654552537972179e-04, 7.2174135981432222e-03,
          9.9997250316632968e-01, 1.7034823798617316e-03,
          -7.2882265347975518e-04, -1.6982659533229527e-03,
          9.9999829235368776e-01 ]
   - !!opencv-matrix
      rows: 3
      cols: 3
      dt: d
      data: [ 9.9998596591825772e-01, -3.3759363887917448e-03,
          -4.0830160454886216e-03, 3.4327227788333303e-03,
          9.9989635680620759e-01, 1.3981847517297474e-02,
          4.0353910408491567e-03, -1.3995667157092245e-02,
          9.9989391283274387e-01 ]
   - !!opencv-matrix
      rows: 3
      cols: 3
      dt: d
      data: [ 9.9998459519730121e-01, -4.1495627102895449e-03,
          -3.6865291810861678e-03, 4.1869127856962729e-03,
          9.9993939420553368e-01, 1.0182223587920980e-02,
          3.6440539807479078e-03, -1.0197501908937756e-02,
          9.9994136419362334e-01 ]
   - !!opencv-matrix
      rows: 3
      cols: 3
      dt: d
      data: [ 9.9996432529551571e-01, -8.4440371900493527e-03,
          -2.1534209302729451e-04, 8.4422430418684968e-03,
          9.9993778560325430e-01, -7.2906416235291038e-03,
          2.7689114465643053e-04, 7.2885635617577771e-03,
          9.9997339973246280e-01 ]
   - !!opencv-matrix
      rows: 3
      cols: 3
      dt: d
      data: [ 9.9974883258655023e-01, 5.5876163668860945e-04,
          -2.2404453290890969e-02, 1.0844994259723850e-03,
          9.9731183905233611e-01, 7.3266087291749937e-02,
          2.2385164793350038e-02, -7.3271982854844264e-02,
          9.9706074084064389e-01 ]
   - !!opencv-matrix
      rows: 3
      cols: 3
      dt: d
      data: [ 9.8867749538283778e-01, -4.0553932325394469e-03,
          1.5000121302592423e-01, 4.5600067099374666e-03,
          9.9998504205665284e-01, -3.0202651803553533e-03,
          -1.4998672095330454e-01, 3.6700747518027712e-03,
          9.8868119942122490e-01 ]
   - !!opencv-matrix
      rows: 3
      cols: 3
      dt: d
      data: [ 9.9998127038684181e-01, -6.0413864033065732e-03,
          9.8006420402030445e-04, 6.0404175368926061e-03,
          9.9998126789632047e-01, 9.8854056421393555e-04,
          -9.8601800087978102e-04, -9.8260205222616692e-04,
          9.9999903113038502e-01 ]
   - !!opencv-matrix
      rows: 3
      cols: 3
      dt: d
      data: [ 9.9995749059489525e-01, -9.1883952675144015e-03,
          -7.6837202453879094e-04, 9.1832713201177307e-03,
          9.9993718819380151e-01, -6.4255112586262264e-03,
          8.2736389894452755e-04, 6.4181819451890609e-03,
          9.9997906098552758e-01 ]
   - !!opencv-matrix
      rows: 3
      cols: 3
      dt: d
      data: [ 9.9999319710493850e-01, -3.6877847435442847e-03,
          -7.7379125948913441e-05, 3.6879382014501118e-03,
          9.9999102206245616e-01, 2.0868412270582115e-03,
          6.9682610005030593e-05, -2.0871123999307573e-03,
          9.9999781955070488e-01 ]
   - !!opencv-matrix
      rows: 3
      cols: 3
      dt: d
      data: [ 9.9931658408398993e-01, -5.8259400981172105e-03,
          -3.6502372480145366e-02, 7.9466221888254696e-03,
          9.9827190758985318e-01, 5.8224133421668253e-02,
          3.6100082693731508e-02, -5.8474412685288871e-02,
          9.9763596922455444e-01 ]
   - !!opencv-matrix
      rows: 3
      cols: 3
      dt: d
      data: [ 9.9997821998245107e-01, -6.5595668245530606e-03,
          7.2913908328976068e-04, 6.5591041816414428e-03,
          9.9997828716678716e-01, 6.3509630200223044e-04,
          -7.3328920824727861e-04, -6.3029997038339947e-04,
          9.9999953250433271e-01 ]
   - !!opencv-matrix
      rows: 3
      cols: 3
      dt: d
      data: [ 9.9998517734595227e-01, -3.3926226038335505e-03,
          -4.2585443818870181e-03, 3.5172184763063996e-03,
          9.9955564736551528e-01, 2.9599611380825230e-02,
          4.1562317758364990e-03, -2.9614150867007721e-02,
          9.9955276389285830e-01 ]
   - !!opencv-matrix
      rows: 3
      cols: 3
      dt: d
      data: [ -9.7214767374072442e-01, 8.7101185892589472e-02,
          2.1758282068353429e-01, 7.0274704023358808e-02,
          -7.7732822781503563e-01, 6.2515781384892377e-01,
          2.2358525536118828e-01, 6.2303628277817102e-01,
          7.4955681834470111e-01 ]
   - !!opencv-matrix
      rows: 3
      cols: 3
      dt: d
      data: [ 9.9991566740013094e-01, -7.8178228607569955e-03,
          -1.0370136617614399e-02, 7.4304943939944024e-03,
          9.9929217984095553e-01, -3.6877188908221337e-02,
          1.0651095756351842e-02, 3.6797023717002803e-02,
          9.9926599722234077e-01 ]
   - !!opencv-matrix
      rows: 3
      cols: 3
      dt: d
      data: [ 9.9986779787533808e-01, -7.1751994781050210e-03,
          -1.4591205720265003e-02, 6.1910217866492367e-03,
          9.9777313922685051e-01, -6.6411097616537004e-02,
          1.5035226009572054e-02, 6.6311983455822496e-02,
          9.9768565331420689e-01 ]
   - !!opencv-matrix
      rows: 3
      cols: 3
      dt: d
      data: [ 9.9998886142174970e-01, -4.4521812561174601e-03,
          1.5668804981712747e-03, 4.4447356334763044e-03,
          9.9997896525015328e-01, 4.7237043071046148e-03,
          -1.5878783270077135e-03, -4.7166873221707872e-03,
          9.9998761567487604e-01 ]
   - !!opencv-matrix
      rows: 3
      cols: 3
      dt: d
      data: [ 9.9993481316044830e-01, -8.6198584531326228e-03,
          -7.4878214473478519e-03, 8.4927714034806479e-03,
          9.9982210016928463e-01, -1.6841640269557312e-02,
          7.6316619204203073e-03, 1.6776950060393758e-02,
          9.9983013141383337e-01 ]
   - !!opencv-matrix
      rows: 3
      cols: 3
      dt: d
      data: [ 9.9989518959051815e-01, -4.5461020844066447e-03,
          1.3745646204502290e-02, 4.0329121254393807e-03,
          9.9930213234287701e-01, 3.7134672676202130e-02,
          -1.3904871575446190e-02, -3.7075345592701106e-02,
          9.9921572910740941e-01 ]
   - !!opencv-matrix
      rows: 3
      cols: 3
      dt: d
      data: [ 9.9999515675276240e-01, -2.0999937073978570e-03,
          2.2970627870508688e-03, 2.0379323780480296e-03,
          9.9964156626145340e-01, 2.6694303399249813e-02,
          -2.3522973114103534e-03, -2.6689492853510473e-02,
          9.9964100439536885e-01 ]
   - !!opencv-matrix
      rows: 3
      cols: 3
      dt: d
      data: [ -9.9555064248619929e-01, 6.8377402942054910e-02,
          6.4834011230338981e-02, 6.3135240717381205e-02,
          -2.6721392587179871e-02, 9.9764718641299255e-01,
          6.9948978726456112e-02, 9.9730160831370451e-01,
          2.2285475763916873e-02 ]
   - !!opencv-matrix
      rows: 3
      cols: 3
      dt: d
      data: [ 9.9997534705811375e-01, -2.1286290739466057e-03,
          -6.6913536949164912e-03, 2.7159346470987944e-03,
          9.9602567949421972e-01, 8.9025105936870422e-02,
          6.4752586819071048e-03, -8.9041084485443373e-02,
          9.9600690574847839e-01 ]
   - !!opencv-matrix
      rows: 3
      cols: 3
      dt: d
      data: [ 9.9998988295874636e-01, -4.2652371799525666e-03,
          1.4288918621222085e-03, 4.2676138972357405e-03,
          9.9998950851735224e-01, -1.6644298864151863e-03,
          -1.4217776826930123e-03, 1.6705110060771799e-03,
          9.9999759396770516e-01 ]
   - !!opencv-matrix
      rows: 3
      cols: 3
      dt: d
      data: [ 9.9999497809137694e-01, -2.9893939488429000e-04,
          -3.1550637497330114e-03, 3.6189755251514466e-04,
          9.9980045485013647e-01, 1.9972969524367001e-02,
          3.1484634646401360e-03, -1.9974011031788225e-02,
          9.9979554212904653e-01 ]
   - !!opencv-matrix
      rows: 3
      cols: 3
      dt: d
      data: [ 9.9997851571725971e-01, -6.4524171489569182e-03,
          1.1551696161043491e-03, 6.4485622497667955e-03,
          9.9997372871834966e-01, 3.3102746157627760e-03,
          -1.1764985410161050e-03, -3.3027543137091608e-03,
          9.9999385381367489e-01 ]
   - !!opencv-matrix
      rows: 3
      cols: 3
      dt: d
      data: [ 9.9999021398023724e-01, -4.2727474375934913e-03,
          1.1469843476807811e-03, 4.2758972174461677e-03,
          9.9998705531664500e-01, -2.7578800065417575e-03,
          -1.1351857756006873e-03, 2.7627574050537729e-03,
          9.9999553925243923e-01 ]
   - !!opencv-matrix
      rows: 3
      cols: 3
      dt: d
      data: [ 9.9994833847516140e-01, -1.0145675964719311e-02,
          -6.2099918075413313e-04, 1.0135048834343685e-02,
          9.9983274762893315e-01, -1.5223585448355862e-02,
          7.7534888214887600e-04, 1.5216505117695067e-02,
          9.9988392166596729e-01 ]
   - !!opencv-matrix
      rows: 3
      cols: 3
      dt: d
      data: [ 9.9999571388970310e-01, -2.7196180486548250e-03,
          1.0843799575775814e-03, 2.7203566747583900e-03,
